476.91 -932.22 29.85 0.0
478.33 -931.79 29.85 0.0
478.33 -934.45 29.85 0.0
476.91 -934.17 29.85 0.0
478.33 -936.82 29.85 0.0
476.91 -936.92 29.85 0.0
478.33 -939.17 29.85 0.0
476.91 -939.14 29.85 0.0
473.53 -939.03 29.85 0.0
472.11 -939.01 29.85 0.0
473.53 -937.06 29.85 0.0
472.11 -936.94 29.85 0.0
473.53 -933.91 29.85 0.0
472.11 -934.89 29.85 0.0
473.53 -932.36 29.85 0.0
472.11 -931.76 29.85 0.0
477.72 -945.49 30.05 -180.0
476.41 -945.49 30.05 -180.0
474.10 -945.49 30.05 -180.0
472.80 -945.49 30.05 -180.0
475.19 -945.49 30.05 -180.0
